a=[1,2,3;4,5,6;7,8,9];
b=[4,5,6;8,9,7;4,5,6];
c=a*b